id	id_ref	Pos	Pos_ref	fold_1	fold_2	fold_3	fold_4	fold_5	fold_6	fold_7	fold_8	fold_9	fold_10	n	mean	std	ci95	trait_name	mean_kcal/mol	std_kcal/mol	ci95_kcal/mol
WT	WT			-0.03758498	-0.015510916	0.01710024	-0.10132705	0.059031706	0.081706665	-0.008710027	-0.26008967	-0.10245592	0.070428446	10	-0.02974115	0.10365973	0.40634614	"[""Binding""]"	-0.017905986	0.062409475	0.24464515
C332Y	C332Y	332	332	-0.14226885				0.18536219	-0.21758658	0.24634361	0.24118944	0.34398898	0.10756161	7	0.109227195	0.21102324	0.82721114	"[""Binding""]"	0.06576143	0.12704886	0.49803156
P335H	P335H	335	335	-0.1732698	-2.5659919	0.04747044	0.13989058				0.30256736	-2.2565815	-0.18818626	7	-0.6705858	1.2046772	4.722335	"[""Binding""]"	-0.40373355	0.72528917	2.8431337
G339A	G339A	339	339	0.9594478	0.46220618	0.2756548	0.55531883	0.75080764	0.38876867				0.2061809	7	0.51405495	0.26650056	1.0446823	"[""Binding""]"	0.30949244	0.1604496	0.6289624
G339N	G339N	339	339	-2.1305451	-1.9787983	-0.8636933	-1.9823034	-0.5887859	-1.0181571				-2.495608	7	-1.5796988	0.7386467	2.8954952	"[""Binding""]"	-0.951075	0.44471034	1.7432646
G339V	G339V	339	339	-0.19438945	-0.15748899	-0.21728396				0.034460068	-1.2199762	-0.13451225	-0.33294317	7	-0.3174477	0.41288924	1.6185259	"[""Binding""]"	-0.19112286	0.2485845	0.97445124
I340D	I340D	340	340	-0.09190575				-1.6723163	-1.4350199	-0.20487396	-0.055009108	-0.09358157	-0.2523716	7	-0.5435826	0.69683146	2.7315793	"[""Binding""]"	-0.32726988	0.41953504	1.6445774
I340V	I340V	340	340	0.18594427	0.21181104	0.22403757	0.29766136	-0.028316662	0.13802138	0.21855567				7	0.17824495	0.1028379	0.40312457	"[""Binding""]"	0.107314326	0.061914686	0.24270557
T346P	T346P	346	346	-0.11067677	-0.4554106	-0.11690853	-0.056427777	-0.08058729	-0.3083431				-0.20163924	7	-0.18999903	0.14493135	0.5681309	"[""Binding""]"	-0.114391	0.087257504	0.34204942
S356D	S356D	356	356	1.6811355	1.8347276	0.7786967	1.158869	0.80512434	1.9560635	1.2871579				7	1.3573964	0.47876555	1.876761	"[""Binding""]"	0.81723535	0.28824607	1.1299247
S359V	S359V	359	359	-0.24374765	-0.2068504	-0.2666516				-0.014909875	-1.2693226	-0.183875	-0.3823066	7	-0.3668091	0.4128824	1.618499	"[""Binding""]"	-0.22084144	0.24858037	0.97443503
M367T	M367T	367	367	1.3432318	1.0256081	0.708051	1.1325179	1.2546405				1.2504559	0.7380523	7	1.0646511	0.25435776	0.9970824	"[""Binding""]"	0.6409849	0.15313888	0.6003044
A371W	A371W	371	371	-1.5438472	0.0008001706	-1.8682743	-0.9594436	-1.341171	-0.2744016				-1.6433092	7	-1.0899495	0.7133275	2.796244	"[""Binding""]"	-0.656216	0.42946666	1.6835093
S374V	S374V	374	374	-1.5085293	0.03614919	-1.8329909	-0.9241632	-1.305857	-0.23906015				-1.607991	7	-1.0546347	0.7133452	2.7963133	"[""Binding""]"	-0.6349544	0.42947733	1.6835512
V375Y	V375Y	375	375	-0.08687047				-1.6672835	-1.4299896	-0.19984248	-0.049974747	-0.08854684	-0.24733746	7	-0.5385493	0.69683266	2.731584	"[""Binding""]"	-0.32423952	0.41953576	1.6445802
A376D	A376D	376	376	-0.20894039	-0.82024705	-0.3321528	-0.24540357	-0.7724256				-0.12825966	-1.1416551	7	-0.52129775	0.38756043	1.5192369	"[""Binding""]"	-0.31385303	0.233335	0.9146732
A376I	A376I	376	376	2.1343634	2.3139167	2.474934	2.722335				2.137412	2.0770388	2.271358	7	2.3044798	0.22855505	0.89593583	"[""Binding""]"	1.3874373	0.13760407	0.53940797
S381A	S381A	381	381	-0.035070196	0.025405932	0.14442328	-0.049357377	0.14569893				0.27586323	-0.24739034	7	0.037081923	0.17033046	0.66769546	"[""Binding""]"	0.02232558	0.10254932	0.40199336
I384G	I384G	384	384	0.42618933	-0.061555028	0.3544587				0.35475162	0.32917008	0.3412539	0.37171182	7	0.3022829	0.1634361	0.6406695	"[""Binding""]"	0.18199274	0.0983985	0.38572213
I396K	I396K	396	396	-0.1677013	-2.0151575				-2.2668142	-1.6487095	-0.06371461	0.026681976	-0.43102053	7	-0.93806225	0.9980396	3.9123154	"[""Binding""]"	-0.5647707	0.6008807	2.3554523
V399A	V399A	399	399	0.050829694	-0.14473677				-0.8058662	-1.0237176	0.046474345	-0.23023944	-0.2619235	7	-0.33845422	0.41690642	1.6342732	"[""Binding""]"	-0.20377007	0.2510031	0.98393214
M401R	M401R	401	401	1.5834904	1.7371033	0.6810531	1.0612305	0.7074706	1.8584181	1.1895163				7	1.2597548	0.47876978	1.8767775	"[""Binding""]"	0.7584492	0.2882486	1.1299345
D415S	D415S	415	415	-0.0069415118	-0.3517075	-0.013164833	0.047304153	0.02314941	-0.20460227				-0.09790565	7	-0.08626688	0.14494081	0.568168	"[""Binding""]"	-0.051937923	0.087263204	0.34207177
T417F	T417F	417	417	-0.049122874	-1.8966929				-2.1482866	-1.5302091	0.054855723	0.14526209	-0.31246632	7	-0.81952286	0.9980776	3.9124641	"[""Binding""]"	-0.49340272	0.6009036	2.355542
T417S	T417S	417	417	-0.005246685	-0.7138613	-0.9817425	-0.16707024				0.0746588	-1.736938	-1.0104612	7	-0.6486659	0.6582228	2.5802333	"[""Binding""]"	-0.39053643	0.39629024	1.5534577
S420R	S420R	420	420	-2.1002848	-1.5820333	-0.935499	-0.66954947	-2.0783165				-2.2568562	-1.4143223	7	-1.5766945	0.61221296	2.399875	"[""Binding""]"	-0.9492662	0.36858952	1.444871
Y426I	Y426I	426	426	0.07791877	-0.11765012				-0.7787868	-0.9966441	0.07356189	-0.2031575	-0.23483364	7	-0.31137022	0.41691175	1.6342942	"[""Binding""]"	-0.18746386	0.2510063	0.9839447
A441M	A441M	441	441	-2.2439742				-0.27279073	-0.5390693	-2.2684393	0.065134734	-0.024869086	0.026990645	7	-0.7510025	1.049111	4.1125154	"[""Binding""]"	-0.4521493	0.6316288	2.475985
K446F	K446F	446	446	0.9145687	0.5895001	0.6208158				1.1397957	0.9743545	0.9192626	0.6010982	7	0.8227707	0.21815884	0.85518265	"[""Binding""]"	0.49535814	0.13134493	0.51487213
E450M	E450M	450	450	-1.1343985	-2.6150732				-0.88626	-0.5361151	-2.3131623	-1.5396512	-2.454308	7	-1.6398525	0.8285933	3.2480857	"[""Binding""]"	-0.9872912	0.4988637	1.9555458
F452N	F452N	452	452	0.5840375	-0.2741388	0.24716438	0.8896101				0.49464306	0.4907936	-0.79892236	7	0.2333125	0.5790124	2.2697287	"[""Binding""]"	0.14046836	0.34860078	1.366515
K456L	K456L	456	456	-0.05454756	-0.7631205	-1.0309976	-0.21636437				0.0253612	-1.7862126	-1.0597404	7	-0.697946	0.65821046	2.580185	"[""Binding""]"	-0.42020607	0.39628282	1.5534286
Y459R	Y459R	459	459	0.55034655	0.062571995	0.47862333				0.4789252	0.4533381	0.4654237	0.49585444	7	0.42644045	0.16344833	0.6407175	"[""Binding""]"	0.25674316	0.09840586	0.38575098
G469C	G469C	469	469	-2.292059	-2.6144753	-1.1498537	-2.8376672	-0.57322073				-0.6269843	-0.21384254	7	-1.472586	1.0840807	4.2495966	"[""Binding""]"	-0.8865866	0.65268266	2.558516
I475K	I475K	475	475	-1.6143037	-0.06971834	-1.9386619	-1.0298264	-1.4116211	-0.34490493				-1.7137645	7	-1.1604002	0.71329194	2.7961044	"[""Binding""]"	-0.69863164	0.42944524	1.6834253
L476A	L476A	476	476	0.7714507	0.0792838				-0.20300406	0.7023305	0.96990615	0.5748772	0.9025313	7	0.54248226	0.44001073	1.7248421	"[""Binding""]"	0.3266074	0.2649133	1.0384601
L476S	L476S	476	476	2.6878443	2.944375	3.4689143				2.8977883	3.0945692	3.0393887	2.7413263	7	2.9820294	0.26013118	1.0197142	"[""Binding""]"	1.7953635	0.15661483	0.6139301
P479Q	P479Q	479	479	-0.04514964	0.015327672	0.134341	-0.059436627	0.13561697				0.26578128	-0.25746927	7	0.027001629	0.17032914	0.6676902	"[""Binding""]"	0.016256627	0.102548525	0.40199023
P482D	P482D	482	482	1.9347802	2.1143763	2.275415	2.5227692				1.9378474	1.8774623	2.0717843	7	2.1049192	0.22856498	0.89597476	"[""Binding""]"	1.2672898	0.13761005	0.5394314
S483M	S483M	483	483	0.34796086	0.07274643	0.20887111	0.36128625	0.15805703	-0.09481005	0.55045825				7	0.22922428	0.21201125	0.83108413	"[""Binding""]"	0.138007	0.1276437	0.50036335
S483T	S483T	483	483	0.047780365	0.07365596	0.08585141	0.15948121	-0.16647868	-0.00016706227	0.08036651				7	0.040069964	0.1028329	0.40310496	"[""Binding""]"	0.02412456	0.061911676	0.24269378
E489V	E489V	489	489	-2.116379	-1.2878175	-3.2027848	-0.3897357				-0.5989279	-0.04068051	-1.2619921	7	-1.2711881	1.094594	4.2908087	"[""Binding""]"	-0.76533276	0.6590123	2.5833282
N494T	N494T	494	494	-1.8772967				-2.6668415	-1.0200605	-2.2108796	0.40716478	-2.2422261	-2.5223563	7	-1.7332137	1.087216	4.261887	"[""Binding""]"	-1.0435003	0.65457034	2.5659158
V496D	V496D	496	496	0.90588844	0.8976909	1.9334358	0.9213292	2.118725	2.0875287	1.4201304				7	1.469247	0.57245684	2.244031	"[""Binding""]"	0.88457626	0.34465393	1.3510435
V496T	V496T	496	496	0.09636509	0.12223744	0.13444392	0.20807151	-0.11789463	0.048426233	0.12896001				7	0.08865851	0.10283462	0.40311173	"[""Binding""]"	0.05337783	0.06191271	0.24269783
L498K	L498K	498	498	0.5420963	0.11380058				0.25874063	0.7220241	0.7561715	0.5647247	0.2090502	7	0.45237258	0.2572318	1.0083487	"[""Binding""]"	0.27235588	0.15486923	0.6070874
L498S	L498S	498	498	-0.08066315				-1.6610801	-1.4237865	-0.1936399	-0.043768626	-0.08233988	-0.24113157	7	-0.5323442	0.69683397	2.7315893	"[""Binding""]"	-0.32050368	0.41953653	1.6445832
S343E	S343E	343	343		-0.18741973	0.018501198	-0.24684882	-0.058070157	-2.2628713	-0.20248327	0.09342844			7	-0.40653768	0.82796735	3.2456322	"[""Binding""]"	-0.24476047	0.49848682	1.9540683
P351H	P351H	351	351		-0.17870194	0.027221285	-0.2381332	-0.049350783	-2.2541566	-0.19376625	0.102146685			7	-0.3978201	0.8279688	3.2456377	"[""Binding""]"	-0.23951195	0.49848768	1.9540718
T366M	T366M	366	366		-0.4418983	-3.1357126	-2.7855864	-2.732238	-0.13785344	0.10515585	1.0296345			7	-1.1569283	1.6819339	6.593181	"[""Binding""]"	-0.69654137	1.0126268	3.969497
P462S	P462S	462	462		0.046925705	-0.08285931	-0.40197173	-0.6903978	0.20050763	0.31143785	0.23491758			7	-0.054491438	0.36943558	1.4481875	"[""Binding""]"	-0.032807168	0.22242275	0.8718972
G339D	G339D	339	339			0.13773707	0.36753112	0.28466314	0.46973464	0.19163793	0.4888426	0.5330857		7	0.3533189	0.15371361	0.60255736	"[""Binding""]"	0.21271951	0.092544965	0.36277628
C408M	C408M	408	408			0.955724	0.9482039	1.6308769	1.135625	0.98174536	0.7658005	0.8711478		7	1.0413033	0.28310385	1.1097671	"[""Binding""]"	0.6269281	0.17044578	0.6681475
T409M	T409M	409	409			-0.035736676	0.19402829	0.11115495	0.2962393	0.018169384	0.31534502	0.35958812		7	0.1798269	0.15370396	0.6025195	"[""Binding""]"	0.108266756	0.092539154	0.36275348
E450T	E450T	450	450			-0.6375809	-2.7131395	-0.32767466	-2.310276	-2.2041314	-2.2385297	0.042313676		7	-1.4841455	1.1302335	4.4305153	"[""Binding""]"	-0.8935461	0.6804695	2.6674407
P462T	P462T	462	462			0.99985194	0.99233717	1.6750097	1.1797584	1.0258789	0.8099352	0.91528225		7	1.0854362	0.28310362	1.1097662	"[""Binding""]"	0.65349877	0.17044564	0.6681469
T346F	T346F	346	346				1.7416245	1.6896636	1.8684285	1.7505037	1.8151567	1.808391	1.6686333	7	1.7632002	0.07163786	0.28082043	"[""Binding""]"	1.061554	0.04313036	0.16907102
N349A	N349A	349	349				-0.19721092	-0.37620446	-0.41461074	-0.13249157	-1.0419302	-0.392702	-0.22606185	7	-0.39731598	0.30435604	1.1930757	"[""Binding""]"	-0.23920844	0.18324089	0.7183043
P385N	P385N	385	385				0.11236835	-0.29499546	0.046717357	0.16020077	0.24387908	0.13893464	0.15591499	7	0.080431394	0.17573684	0.68888843	"[""Binding""]"	0.048424605	0.105804294	0.41475284
S405D	S405D	405	405				1.9322226	1.8803506	2.0591087	1.9411641	2.0057962	1.9990643	1.8592999	7	1.9538581	0.0716388	0.2808241	"[""Binding""]"	1.1763418	0.043130927	0.16907324
E418V	E418V	418	418				0.10540719	0.13744839	0.052275226	0.15278241	0.2773303	0.28145945	0.22211756	7	0.17554578	0.08739886	0.34260353	"[""Binding""]"	0.105689265	0.052619442	0.20626822
D445L	D445L	445	445				0.071021505	0.10305582	0.017886234	0.11839434	0.2429442	0.24706705	0.18772663	7	0.14115654	0.087398335	0.34260148	"[""Binding""]"	0.08498485	0.052619126	0.20626697
K456S	K456S	456	456				1.9675126	1.9156591	2.0944154	1.9764674	2.041095	2.0343695	1.8946033	7	1.9891603	0.07163905	0.2808251	"[""Binding""]"	1.1975958	0.04313108	0.16907384
S473I	S473I	473	473				-0.08677101	-0.2657566	-0.30415812	-0.02204506	-0.9315635	-0.28231654	-0.11557432	7	-0.2868836	0.30438712	1.1931975	"[""Binding""]"	-0.17272142	0.1832596	0.71837765
D490H	D490H	490	490				0.22435707	-0.18302226	0.15870897	0.27219254	0.35586682	0.25091237	0.2679011	7	0.19241665	0.17574155	0.6889069	"[""Binding""]"	0.11584656	0.10580713	0.41476396
D490R	D490R	490	490				-0.24939202	-0.42838958	-0.46679714	-0.18467581	-1.0940773	-0.44485825	-0.27826524	7	-0.44949365	0.30434158	1.193019	"[""Binding""]"	-0.27062258	0.18323219	0.7182702
